time	wildtype	mutant1	mutant2	mutant3	mutant4
0	6	0	0	0	0
25	230	0	0	0	0
50	851	8	0	0	0
75	2116	10	0	0	0
100	3851	10	0	0	0
125	6245	11	0	0	0
150	9172	28	0	0	0
175	12898	40	0	0	0
200	17216	71	0	0	0
225	22220	130	0	0	0
250	27850	330	0	0	0
275	33903	660	0	0	0
300	40721	1364	0	0	0
325	47692	2447	0	0	0
350	54918	3962	0	0	0
375	62516	5887	0	0	0
400	69008	7189	0	0	0
425	74087	8025	0	0	0
450	77286	8780	0	0	0
475	79175	9335	0	0	0
500	80054	9708	0	0	0
525	80193	9798	0	0	0
550	80201	9799	0	0	0
575	80201	9799	0	0	0
600	80201	9799	0	0	0
